function [YBASE,wj0,wj1]=filters_201
YBASE=[
     4.118588707535708e-006
    4.662307783048404e-006
    5.277806405893776e-006
    5.974560615532860e-006
    6.763297439029804e-006
    7.656160041269817e-006
    8.666894677627122e-006
    9.811062327352187e-006
    1.110627826592479e-005
    1.257248326476004e-005
    1.423225059357990e-005
    1.611113355196989e-005
    1.823805888061724e-005
    2.064577210907614e-005
    2.337134169650631e-005
    2.645672972698995e-005
    2.994943794568826e-005
    3.390323908202406e-005
    3.837900471913077e-005
    4.344564245520822e-005
    4.918115678505129e-005
    5.567385003477687e-005
    6.302368183899532e-005
    7.134380809054522e-005
    8.076232305601659e-005
    9.142423147817327e-005
    1.034936810271946e-004
    1.171564894709105e-004
    1.326230054716183e-004
    1.501313470534825e-004
    1.699510675990275e-004
    1.923873058153529e-004
    2.177854835617512e-004
    2.465366238651324e-004
    2.790833709978841e-004
    3.159268053015553e-004
    3.576341576754271e-004
    4.048475425000048e-004
    4.582938434450188e-004
    5.187959043609725e-004
    5.872851975459913e-004
    6.648161644249478e-004
    7.525824494258378e-004
    8.519352769854830e-004
    9.644042546116447e-004
    1.091720922279511e-003
    1.235845410722264e-003
    1.398996619039097e-003
    1.583686376226444e-003
    1.792758112573506e-003
    2.029430636295734e-003
    2.297347689378727e-003
    2.600634045580001e-003
    2.943959014257353e-003
    3.332608327710412e-003
    3.772565518792205e-003
    4.270604041657015e-003
    4.834391553908963e-003
    5.472607965649308e-003
    6.195079072871529e-003
    7.012927832585425e-003
    7.938745608658544e-003
    8.986786024826483e-003
    1.017318440937716e-002
    1.151620621001631e-002
    1.303652820343774e-002
    1.475755682901988e-002
    1.670578854762277e-002
    1.891121777346523e-002
    2.140779865948432e-002
    2.423396784569112e-002
    2.743323621860603e-002
    3.105485879233143e-002
    3.515459302455746e-002
    3.979555724231593e-002
    4.504920239355780e-002
    5.099641208536147e-002
    5.772874784464333e-002
    6.534985877304568e-002
    7.397707729864236e-002
    8.374322559219596e-002
    9.479866045903013e-002
    1.073135881890840e-001
    1.214806850039128e-001
    1.375180634442808e-001
    1.556726303679973e-001
    1.762238882567611e-001
    1.994882383558387e-001
    2.258238518964759e-001
    2.556361843969779e-001
    2.893842179390507e-001
    3.275875275236895e-001
    3.708342802981957e-001
    4.197902908081143e-001
    4.752092716861445e-001
    5.379444375946745e-001
    6.089616410728969e-001
    6.893542425242224e-001
    7.803599432780343e-001
    8.833798408827509e-001
    1.000000000000000e+000
    1.132015870999175e+000
    1.281459932194021e+000
    1.450632981293159e+000
    1.642139557818705e+000
    1.858928041846342e+000
    2.104336046415478e+000
    2.382141802457978e+000
    2.696622327353013e+000
    3.052619272654344e+000
    3.455613464762676e+000
    3.911809286149797e+000
    4.428230196243525e+000
    5.012826862585463e+000
    5.674599567017745e+000
    6.423736771429134e+000
    7.271771976378781e+000
    8.231761287547819e+000
    9.318484423780737e+000
    1.054867226137839e+001
    1.194126441784910e+001
    1.351770084080291e+001
    1.530225189120779e+001
    1.732239200287436e+001
    1.960922267092297e+001
    2.219795128144164e+001
    2.512843315425841e+001
    2.844578514396238e+001
    3.220108024599797e+001
    3.645213390178773e+001
    4.126439410861079e+001
    4.671194903811227e+001
    5.287866767644776e+001
    5.985949104702991e+001
    6.776189389517093e+001
    7.670753933829559e+001
    8.683415195624421e+001
    9.829763815922249e+001
    1.112744864779740e+002
    1.259644847303497e+002
    1.425937958969891e+002
    1.614184400614087e+002
    1.827282360214438e+002
    2.068512632559574e+002
    2.341589129419723e+002
    2.650716057862269e+002
    3.000652647012456e+002
    3.396786419773787e+002
    3.845216137578392e+002
    4.352845695160886e+002
    4.927490410932563e+002
    5.577997349371907e+002
    6.314381527880333e+002
    7.147980105104556e+002
    8.091626924564707e+002
    9.159850100811499e+002
    1.036909569009201e+003
    1.173798088909329e+003
    1.328758065993862e+003
    1.504175219423221e+003
    1.702750221150752e+003
    1.927540274690008e+003
    2.182006182939198e+003
    2.470065629705503e+003
    2.796153495236200e+003
    3.165290134357197e+003
    3.583158668409455e+003
    4.056192480947776e+003
    4.591674264260404e+003
    5.197848141601231e+003
    5.884046591336165e+003
    6.660834127091141e+003
    7.540169945960111e+003
    8.535592048857829e+003
    9.662425667681435e+003
    1.093801920816519e+004
    1.238201134093681e+004
    1.401663335283226e+004
    1.586705141338251e+004
    1.796175402590887e+004
    2.033299062831218e+004
    2.301726809612689e+004
    2.605591279185858e+004
    2.949570681375435e+004
    3.338960823950846e+004
    3.779756645356835e+004
    4.278744511058541e+004
    4.843606694468877e+004
    5.483039651016615e+004
    6.206887906268590e+004
    7.026295619408888e+004
    7.953878155502846e+004
    9.003916308022855e+004
    1.019257616183018e+005
    1.153815798155962e+005
    1.306137795722129e+005
    1.478568714469329e+005
    1.673763251142129e+005
    1.894726564588066e+005
    2.144860542317436e+005
    2.428016174983236e+005
    ];
